Jul 11, 2023  03:50:38 PM
Residual Gas Analyzer Software 
Software Version, 3.218.004

Analog Scan Setup:

Data Points in Scan, 1991 
Units, Torr 
Noise Floor, 0 
CEM Status, OFF 
Points Per AMU, 10
Scan Start Mass, 1, amu 
Scan Stop Mass, 200, amu
Focus Voltage, 90, Volts 
Ion Energy, HIGH 
Electron Energy, 70, eV 
CEM Voltage, 1000, Volts
CEM Gain, 1.00E+006 
Sensitivity Factor, 1.14E-004 
Filament Current, 1.00, mAmps


  1.00,   2.90E-010, 
  1.10,   3.81E-010, 
  1.20,   4.79E-010, 
  1.30,   3.56E-009, 
  1.40,   1.88E-008, 
  1.50,   3.99E-008, 
  1.60,   5.86E-008, 
  1.70,   1.18E-007, 
  1.80,   1.93E-007, 
  1.90,   2.41E-007, 
  2.00,   2.41E-007, 
  2.10,   2.59E-007, 
  2.20,   2.34E-007, 
  2.30,   2.19E-007, 
  2.40,   1.65E-007, 
  2.50,   6.23E-008, 
  2.60,   6.09E-009, 
  2.70,   1.82E-009, 
  2.80,   8.68E-010, 
  2.90,   5.17E-010, 
  3.00,   3.26E-010, 
  3.10,   2.28E-010, 
  3.20,   1.68E-010, 
  3.30,   1.36E-010, 
  3.40,   1.07E-010, 
  3.50,   6.65E-011, 
  3.60,  -3.50E-012, 
  3.70,  -2.45E-011, 
  3.80,  -4.29E-011, 
  3.90,  -5.34E-011, 
  4.00,  -1.84E-011, 
  4.10,  -2.80E-011, 
  4.20,  -1.14E-011, 
  4.30,  -1.66E-011, 
  4.40,  -2.71E-011, 
  4.50,  -2.62E-011, 
  4.60,  -2.71E-011, 
  4.70,  -5.16E-011, 
  4.80,  -1.22E-011, 
  4.90,  -4.55E-011, 
  5.00,  -3.59E-011, 
  5.10,  -4.11E-011, 
  5.20,  -3.15E-011, 
  5.30,   2.71E-011, 
  5.40,   2.97E-011, 
  5.50,  -1.92E-011, 
  5.60,  -2.62E-011, 
  5.70,  -7.87E-011, 
  5.80,  -7.17E-011, 
  5.90,  -3.94E-011, 
  6.00,  -5.25E-011, 
  6.10,  -5.07E-011, 
  6.20,  -2.36E-011, 
  6.30,  -6.12E-012, 
  6.40,  -2.89E-011, 
  6.50,  -5.42E-011, 
  6.60,  -4.90E-011, 
  6.70,  -1.66E-011, 
  6.80,  -2.19E-011, 
  6.90,  -3.76E-011, 
  7.00,  -5.86E-011, 
  7.10,  -3.32E-011, 
  7.20,   3.50E-012, 
  7.30,   6.12E-012, 
  7.40,  -3.50E-012, 
  7.50,  -1.92E-011, 
  7.60,  -5.25E-012, 
  7.70,   7.87E-012, 
  7.80,  -7.00E-012, 
  7.90,  -5.25E-011, 
  8.00,  -1.40E-011, 
  8.10,  -1.22E-011, 
  8.20,  -1.92E-011, 
  8.30,  -3.50E-011, 
  8.40,  -4.46E-011, 
  8.50,  -2.27E-011, 
  8.60,  -4.20E-011, 
  8.70,  -4.64E-011, 
  8.80,  -2.10E-011, 
  8.90,  -5.25E-012, 
  9.00,   2.36E-011, 
  9.10,  -1.57E-011, 
  9.20,   2.62E-012, 
  9.30,  -4.02E-011, 
  9.40,  -1.15E-010, 
  9.50,  -7.44E-011, 
  9.60,  -2.89E-011, 
  9.70,   3.59E-011, 
  9.80,  -5.34E-011, 
  9.90,  -2.89E-011, 
 10.00,  -6.74E-011, 
 10.10,  -8.05E-011, 
 10.20,  -8.66E-011, 
 10.30,  -8.14E-011, 
 10.40,  -6.47E-011, 
 10.50,  -3.50E-012, 
 10.60,  -2.62E-012, 
 10.70,   6.12E-012, 
 10.80,  -3.06E-011, 
 10.90,  -3.15E-011, 
 11.00,   6.65E-011, 
 11.10,   8.31E-011, 
 11.20,   4.55E-011, 
 11.30,   1.14E-011, 
 11.40,  -3.85E-011, 
 11.50,  -3.59E-011, 
 11.60,   3.50E-012, 
 11.70,   3.95E-010, 
 11.80,   1.02E-009, 
 11.90,   1.59E-009, 
 12.00,   1.91E-009, 
 12.10,   2.04E-009, 
 12.20,   1.94E-009, 
 12.30,   1.76E-009, 
 12.40,   1.22E-009, 
 12.50,   5.41E-010, 
 12.60,   2.29E-010, 
 12.70,   1.15E-010, 
 12.80,   3.32E-011, 
 12.90,   2.36E-011, 
 13.00,   4.72E-011, 
 13.10,   3.67E-011, 
 13.20,   3.50E-011, 
 13.30,   2.89E-011, 
 13.40,   2.97E-011, 
 13.50,  -2.62E-011, 
 13.60,   2.45E-011, 
 13.70,   7.44E-011, 
 13.80,   1.92E-010, 
 13.90,   2.62E-010, 
 14.00,   3.45E-010, 
 14.10,   3.84E-010, 
 14.20,   3.53E-010, 
 14.30,   2.88E-010, 
 14.40,   1.70E-010, 
 14.50,   8.05E-011, 
 14.60,   4.55E-011, 
 14.70,   1.60E-010, 
 14.80,   3.15E-010, 
 14.90,   5.32E-010, 
 15.00,   5.98E-010, 
 15.10,   6.49E-010, 
 15.20,   6.52E-010, 
 15.30,   6.18E-010, 
 15.40,   4.61E-010, 
 15.50,   3.07E-010, 
 15.60,   5.46E-010, 
 15.70,   1.87E-009, 
 15.80,   3.54E-009, 
 15.90,   4.80E-009, 
 16.00,   5.23E-009, 
 16.10,   5.29E-009, 
 16.20,   4.80E-009, 
 16.30,   3.98E-009, 
 16.40,   2.36E-009, 
 16.50,   1.52E-009, 
 16.60,   3.40E-009, 
 16.70,   1.25E-008, 
 16.80,   1.97E-008, 
 16.90,   2.33E-008, 
 17.00,   2.36E-008, 
 17.10,   2.30E-008, 
 17.20,   1.99E-008, 
 17.30,   1.51E-008, 
 17.40,   6.42E-009, 
 17.50,   4.65E-009, 
 17.60,   2.10E-008, 
 17.70,   6.13E-008, 
 17.80,   8.01E-008, 
 17.90,   8.99E-008, 
 18.00,   8.95E-008, 
 18.10,   8.67E-008, 
 18.20,   7.44E-008, 
 18.30,   5.35E-008, 
 18.40,   1.23E-008, 
 18.50,   2.49E-009, 
 18.60,   1.05E-009, 
 18.70,   5.77E-010, 
 18.80,   4.43E-010, 
 18.90,   3.93E-010, 
 19.00,   3.74E-010, 
 19.10,   3.51E-010, 
 19.20,   3.60E-010, 
 19.30,   2.38E-010, 
 19.40,   1.43E-010, 
 19.50,   6.91E-011, 
 19.60,   1.38E-010, 
 19.70,   2.18E-010, 
 19.80,   3.23E-010, 
 19.90,   4.19E-010, 
 20.00,   4.38E-010, 
 20.10,   4.51E-010, 
 20.20,   4.51E-010, 
 20.30,   3.62E-010, 
 20.40,   1.85E-010, 
 20.50,   3.67E-011, 
 20.60,   1.31E-011, 
 20.70,  -2.19E-011, 
 20.80,  -7.96E-011, 
 20.90,  -3.67E-011, 
 21.00,  -2.45E-011, 
 21.10,   1.22E-011, 
 21.20,   1.57E-011, 
 21.30,   5.25E-012, 
 21.40,  -1.57E-011, 
 21.50,  -3.41E-011, 
 21.60,   6.12E-012, 
 21.70,   1.02E-010, 
 21.80,   2.12E-010, 
 21.90,   2.67E-010, 
 22.00,   2.46E-010, 
 22.10,   2.49E-010, 
 22.20,   2.98E-010, 
 22.30,   2.72E-010, 
 22.40,   1.45E-010, 
 22.50,   7.44E-011, 
 22.60,   2.54E-011, 
 22.70,   2.89E-011, 
 22.80,   1.57E-011, 
 22.90,   2.62E-011, 
 23.00,  -1.22E-011, 
 23.10,   1.40E-011, 
 23.20,   4.37E-012, 
 23.30,   1.75E-011, 
 23.40,   1.22E-011, 
 23.50,  -8.75E-013, 
 23.60,  -2.89E-011, 
 23.70,  -3.59E-011, 
 23.80,  -8.49E-011, 
 23.90,  -4.64E-011, 
 24.00,  -4.37E-012, 
 24.10,  -5.25E-012, 
 24.20,   3.50E-012, 
 24.30,  -3.50E-012, 
 24.40,  -3.41E-011, 
 24.50,  -2.01E-011, 
 24.60,  -1.49E-011, 
 24.70,   5.25E-011, 
 24.80,   5.25E-011, 
 24.90,   5.77E-011, 
 25.00,   3.32E-011, 
 25.10,  -3.50E-012, 
 25.20,  -2.62E-012, 
 25.30,  -2.62E-012, 
 25.40,  -1.92E-011, 
 25.50,   3.67E-011, 
 25.60,   1.03E-010, 
 25.70,   2.20E-010, 
 25.80,   3.20E-010, 
 25.90,   4.05E-010, 
 26.00,   4.75E-010, 
 26.10,   4.86E-010, 
 26.20,   4.70E-010, 
 26.30,   3.98E-010, 
 26.40,   2.28E-010, 
 26.50,   1.29E-010, 
 26.60,   1.93E-010, 
 26.70,   4.17E-010, 
 26.80,   6.61E-010, 
 26.90,   8.48E-010, 
 27.00,   9.55E-010, 
 27.10,   1.05E-009, 
 27.20,   1.07E-009, 
 27.30,   1.06E-009, 
 27.40,   1.04E-009, 
 27.50,   1.82E-009, 
 27.60,   7.87E-009, 
 27.70,   1.64E-008, 
 27.80,   2.16E-008, 
 27.90,   2.30E-008, 
 28.00,   2.29E-008, 
 28.10,   2.10E-008, 
 28.20,   1.81E-008, 
 28.30,   1.03E-008, 
 28.40,   2.90E-009, 
 28.50,   1.20E-009, 
 28.60,   7.47E-010, 
 28.70,   7.54E-010, 
 28.80,   8.50E-010, 
 28.90,   9.99E-010, 
 29.00,   1.06E-009, 
 29.10,   1.00E-009, 
 29.20,   9.74E-010, 
 29.30,   7.35E-010, 
 29.40,   3.94E-010, 
 29.50,   1.71E-010, 
 29.60,   1.35E-010, 
 29.70,   1.80E-010, 
 29.80,   2.34E-010, 
 29.90,   2.90E-010, 
 30.00,   3.46E-010, 
 30.10,   3.70E-010, 
 30.20,   3.19E-010, 
 30.30,   2.46E-010, 
 30.40,   1.57E-010, 
 30.50,   9.36E-011, 
 30.60,   4.20E-011, 
 30.70,   8.75E-012, 
 30.80,   2.19E-011, 
 30.90,   6.39E-011, 
 31.00,   5.25E-011, 
 31.10,   5.95E-011, 
 31.20,   5.60E-011, 
 31.30,   1.12E-010, 
 31.40,   8.14E-011, 
 31.50,   4.11E-011, 
 31.60,   6.56E-011, 
 31.70,   1.34E-010, 
 31.80,   2.18E-010, 
 31.90,   2.54E-010, 
 32.00,   2.85E-010, 
 32.10,   2.79E-010, 
 32.20,   2.24E-010, 
 32.30,   1.76E-010, 
 32.40,   1.05E-010, 
 32.50,   2.36E-011, 
 32.60,   1.75E-011, 
 32.70,   1.40E-011, 
 32.80,   2.62E-011, 
 32.90,  -8.75E-013, 
 33.00,  -2.19E-011, 
 33.10,   6.12E-012, 
 33.20,   3.50E-012, 
 33.30,  -2.62E-011, 
 33.40,   1.05E-011, 
 33.50,   5.25E-012, 
 33.60,  -8.75E-013, 
 33.70,   3.24E-011, 
 33.80,   3.41E-011, 
 33.90,   2.80E-011, 
 34.00,   4.37E-012, 
 34.10,  -1.84E-011, 
 34.20,  -1.66E-011, 
 34.30,  -1.57E-011, 
 34.40,  -1.66E-011, 
 34.50,  -4.81E-011, 
 34.60,  -3.32E-011, 
 34.70,   1.75E-012, 
 34.80,   1.05E-011, 
 34.90,  -4.64E-011, 
 35.00,  -3.50E-011, 
 35.10,   2.19E-011, 
 35.20,   1.40E-011, 
 35.30,  -6.74E-011, 
 35.40,  -8.31E-011, 
 35.50,  -2.54E-011, 
 35.60,  -9.62E-012, 
 35.70,   3.85E-011, 
 35.80,   4.99E-011, 
 35.90,   2.36E-011, 
 36.00,   2.80E-011, 
 36.10,   5.25E-011, 
 36.20,   7.17E-011, 
 36.30,   3.76E-011, 
 36.40,  -2.01E-011, 
 36.50,  -4.99E-011, 
 36.60,  -5.60E-011, 
 36.70,  -2.45E-011, 
 36.80,  -7.87E-012, 
 36.90,   2.36E-011, 
 37.00,   7.44E-011, 
 37.10,   1.27E-010, 
 37.20,   1.28E-010, 
 37.30,   1.27E-010, 
 37.40,   8.57E-011, 
 37.50,   7.87E-012, 
 37.60,   1.75E-011, 
 37.70,   1.22E-011, 
 37.80,   5.34E-011, 
 37.90,   9.54E-011, 
 38.00,   1.42E-010, 
 38.10,   1.58E-010, 
 38.20,   1.92E-010, 
 38.30,   1.77E-010, 
 38.40,   1.32E-010, 
 38.50,   9.19E-011, 
 38.60,   1.64E-010, 
 38.70,   2.79E-010, 
 38.80,   3.64E-010, 
 38.90,   4.36E-010, 
 39.00,   5.26E-010, 
 39.10,   5.46E-010, 
 39.20,   5.56E-010, 
 39.30,   4.02E-010, 
 39.40,   2.24E-010, 
 39.50,   1.16E-010, 
 39.60,   7.26E-011, 
 39.70,   1.04E-010, 
 39.80,   1.69E-010, 
 39.90,   1.90E-010, 
 40.00,   1.84E-010, 
 40.10,   2.27E-010, 
 40.20,   1.98E-010, 
 40.30,   9.80E-011, 
 40.40,   2.80E-011, 
 40.50,   2.62E-012, 
 40.60,   8.75E-011, 
 40.70,   2.73E-010, 
 40.80,   4.31E-010, 
 40.90,   5.54E-010, 
 41.00,   7.45E-010, 
 41.10,   7.95E-010, 
 41.20,   7.81E-010, 
 41.30,   5.52E-010, 
 41.40,   2.76E-010, 
 41.50,   1.73E-010, 
 41.60,   1.43E-010, 
 41.70,   2.25E-010, 
 41.80,   3.33E-010, 
 41.90,   4.58E-010, 
 42.00,   5.45E-010, 
 42.10,   5.42E-010, 
 42.20,   4.85E-010, 
 42.30,   3.06E-010, 
 42.40,   1.98E-010, 
 42.50,   1.09E-010, 
 42.60,   1.76E-010, 
 42.70,   3.52E-010, 
 42.80,   5.10E-010, 
 42.90,   6.58E-010, 
 43.00,   8.24E-010, 
 43.10,   1.01E-009, 
 43.20,   1.12E-009, 
 43.30,   1.23E-009, 
 43.40,   1.62E-009, 
 43.50,   3.80E-009, 
 43.60,   1.44E-008, 
 43.70,   2.31E-008, 
 43.80,   2.55E-008, 
 43.90,   2.93E-008, 
 44.00,   2.89E-008, 
 44.10,   2.67E-008, 
 44.20,   1.76E-008, 
 44.30,   5.55E-009, 
 44.40,   1.70E-009, 
 44.50,   8.35E-010, 
 44.60,   5.70E-010, 
 44.70,   6.91E-010, 
 44.80,   7.31E-010, 
 44.90,   8.94E-010, 
 45.00,   1.07E-009, 
 45.10,   1.06E-009, 
 45.20,   8.81E-010, 
 45.30,   6.07E-010, 
 45.40,   2.98E-010, 
 45.50,   1.38E-010, 
 45.60,   6.47E-011, 
 45.70,   8.49E-011, 
 45.80,   1.01E-010, 
 45.90,   9.19E-011, 
 46.00,   1.05E-010, 
 46.10,   1.42E-010, 
 46.20,   1.43E-010, 
 46.30,   8.49E-011, 
 46.40,   2.71E-011, 
 46.50,  -2.62E-011, 
 46.60,  -1.31E-011, 
 46.70,  -2.71E-011, 
 46.80,  -2.97E-011, 
 46.90,  -8.40E-011, 
 47.00,  -4.20E-011, 
 47.10,  -2.54E-011, 
 47.20,  -4.64E-011, 
 47.30,  -5.42E-011, 
 47.40,  -3.32E-011, 
 47.50,  -3.32E-011, 
 47.60,  -7.52E-011, 
 47.70,  -1.22E-011, 
 47.80,   2.80E-011, 
 47.90,   6.56E-011, 
 48.00,   3.50E-011, 
 48.10,   4.37E-012, 
 48.20,  -1.57E-011, 
 48.30,  -4.37E-011, 
 48.40,  -2.97E-011, 
 48.50,  -8.75E-013, 
 48.60,  -3.32E-011, 
 48.70,  -5.77E-011, 
 48.80,  -4.29E-011, 
 48.90,  -3.94E-011, 
 49.00,  -2.80E-011, 
 49.10,  -1.92E-011, 
 49.20,  -2.54E-011, 
 49.30,  -2.36E-011, 
 49.40,   0.00E+000, 
 49.50,   1.14E-011, 
 49.60,   2.54E-011, 
 49.70,   8.75E-012, 
 49.80,  -3.50E-011, 
 49.90,  -3.15E-011, 
 50.00,   1.22E-011, 
 50.10,   9.62E-012, 
 50.20,   1.92E-011, 
 50.30,  -4.29E-011, 
 50.40,  -4.81E-011, 
 50.50,  -7.17E-011, 
 50.60,  -8.31E-011, 
 50.70,   2.97E-011, 
 50.80,   4.11E-011, 
 50.90,   6.82E-011, 
 51.00,   9.10E-011, 
 51.10,   6.91E-011, 
 51.20,   3.50E-011, 
 51.30,  -4.64E-011, 
 51.40,  -6.12E-011, 
 51.50,  -9.62E-012, 
 51.60,   2.71E-011, 
 51.70,   4.64E-011, 
 51.80,   5.60E-011, 
 51.90,   5.60E-011, 
 52.00,   4.37E-011, 
 52.10,   1.75E-011, 
 52.20,   0.00E+000, 
 52.30,  -1.66E-011, 
 52.40,  -4.20E-011, 
 52.50,  -2.19E-011, 
 52.60,  -6.04E-011, 
 52.70,  -4.29E-011, 
 52.80,  -4.46E-011, 
 52.90,  -4.02E-011, 
 53.00,  -4.90E-011, 
 53.10,  -4.90E-011, 
 53.20,  -2.97E-011, 
 53.30,  -5.07E-011, 
 53.40,  -5.95E-011, 
 53.50,  -5.25E-011, 
 53.60,  -2.97E-011, 
 53.70,  -2.54E-011, 
 53.80,  -1.92E-011, 
 53.90,  -3.15E-011, 
 54.00,  -3.06E-011, 
 54.10,   2.62E-011, 
 54.20,   3.24E-011, 
 54.30,   2.36E-011, 
 54.40,   2.19E-011, 
 54.50,   7.00E-012, 
 54.60,  -4.90E-011, 
 54.70,  -4.72E-011, 
 54.80,  -3.06E-011, 
 54.90,   3.41E-011, 
 55.00,   5.25E-011, 
 55.10,   3.06E-011, 
 55.20,   1.75E-011, 
 55.30,   1.22E-011, 
 55.40,  -2.54E-011, 
 55.50,  -1.22E-011, 
 55.60,   1.05E-011, 
 55.70,  -4.37E-012, 
 55.80,  -2.62E-011, 
 55.90,  -4.37E-012, 
 56.00,   2.54E-011, 
 56.10,   2.89E-011, 
 56.20,   2.36E-011, 
 56.30,   2.80E-011, 
 56.40,   1.22E-011, 
 56.50,   1.92E-011, 
 56.60,  -8.75E-012, 
 56.70,   1.75E-012, 
 56.80,  -1.92E-011, 
 56.90,  -7.87E-012, 
 57.00,   8.75E-012, 
 57.10,  -3.06E-011, 
 57.20,  -3.76E-011, 
 57.30,  -2.97E-011, 
 57.40,  -4.37E-012, 
 57.50,   1.66E-011, 
 57.60,   4.02E-011, 
 57.70,   7.35E-011, 
 57.80,   1.28E-010, 
 57.90,   1.71E-010, 
 58.00,   1.35E-010, 
 58.10,   1.37E-010, 
 58.20,   9.19E-011, 
 58.30,   6.47E-011, 
 58.40,   5.86E-011, 
 58.50,   4.46E-011, 
 58.60,  -1.92E-011, 
 58.70,  -3.85E-011, 
 58.80,  -5.51E-011, 
 58.90,  -4.11E-011, 
 59.00,   4.37E-012, 
 59.10,   2.19E-011, 
 59.20,  -2.10E-011, 
 59.30,  -1.75E-012, 
 59.40,  -6.12E-012, 
 59.50,  -1.14E-011, 
 59.60,  -9.01E-011, 
 59.70,  -6.82E-011, 
 59.80,  -5.25E-012, 
 59.90,  -3.50E-011, 
 60.00,  -4.37E-011, 
 60.10,  -7.87E-012, 
 60.20,   2.89E-011, 
 60.30,   4.55E-011, 
 60.40,   4.37E-011, 
 60.50,  -9.62E-012, 
 60.60,  -2.27E-011, 
 60.70,  -4.64E-011, 
 60.80,  -3.41E-011, 
 60.90,  -5.42E-011, 
 61.00,  -8.05E-011, 
 61.10,  -7.35E-011, 
 61.20,  -4.55E-011, 
 61.30,  -1.40E-011, 
 61.40,  -3.15E-011, 
 61.50,  -8.05E-011, 
 61.60,  -5.25E-011, 
 61.70,  -1.66E-011, 
 61.80,  -1.14E-011, 
 61.90,   4.37E-012, 
 62.00,  -3.15E-011, 
 62.10,  -2.27E-011, 
 62.20,  -1.84E-011, 
 62.30,  -1.66E-011, 
 62.40,  -6.12E-012, 
 62.50,  -2.62E-011, 
 62.60,  -1.57E-011, 
 62.70,  -3.67E-011, 
 62.80,   1.40E-011, 
 62.90,  -5.25E-012, 
 63.00,   3.50E-012, 
 63.10,   1.40E-011, 
 63.20,  -1.40E-011, 
 63.30,  -1.75E-011, 
 63.40,  -3.41E-011, 
 63.50,  -3.76E-011, 
 63.60,   2.62E-012, 
 63.70,   7.61E-011, 
 63.80,   9.27E-011, 
 63.90,   8.84E-011, 
 64.00,   5.77E-011, 
 64.10,   6.56E-011, 
 64.20,   4.02E-011, 
 64.30,  -3.06E-011, 
 64.40,  -7.09E-011, 
 64.50,  -4.20E-011, 
 64.60,   1.66E-011, 
 64.70,   8.75E-012, 
 64.80,  -3.15E-011, 
 64.90,  -1.14E-011, 
 65.00,  -4.37E-012, 
 65.10,  -1.05E-011, 
 65.20,  -1.66E-011, 
 65.30,  -2.71E-011, 
 65.40,  -2.10E-011, 
 65.50,  -2.80E-011, 
 65.60,  -2.71E-011, 
 65.70,  -1.57E-011, 
 65.80,   0.00E+000, 
 65.90,   7.00E-012, 
 66.00,  -3.41E-011, 
 66.10,  -1.84E-011, 
 66.20,   1.05E-011, 
 66.30,   8.75E-013, 
 66.40,   2.36E-011, 
 66.50,   1.57E-011, 
 66.60,   1.84E-011, 
 66.70,  -6.04E-011, 
 66.80,  -7.00E-011, 
 66.90,  -2.62E-011, 
 67.00,   9.62E-012, 
 67.10,   1.84E-011, 
 67.20,   9.62E-012, 
 67.30,   3.67E-011, 
 67.40,  -6.12E-012, 
 67.50,   2.54E-011, 
 67.60,  -4.29E-011, 
 67.70,  -3.32E-011, 
 67.80,  -3.59E-011, 
 67.90,  -8.49E-011, 
 68.00,  -4.55E-011, 
 68.10,  -3.85E-011, 
 68.20,  -7.00E-011, 
 68.30,  -9.36E-011, 
 68.40,  -1.27E-010, 
 68.50,  -1.22E-010, 
 68.60,  -9.71E-011, 
 68.70,  -8.75E-013, 
 68.80,   3.85E-011, 
 68.90,  -1.75E-012, 
 69.00,  -4.55E-011, 
 69.10,   3.59E-011, 
 69.20,   1.75E-011, 
 69.30,   4.64E-011, 
 69.40,  -8.75E-012, 
 69.50,   3.85E-011, 
 69.60,   1.31E-011, 
 69.70,  -5.25E-012, 
 69.80,  -5.34E-011, 
 69.90,  -5.86E-011, 
 70.00,  -5.69E-011, 
 70.10,  -5.77E-011, 
 70.20,  -2.80E-011, 
 70.30,  -8.75E-013, 
 70.40,  -4.11E-011, 
 70.50,  -2.45E-011, 
 70.60,  -4.64E-011, 
 70.70,  -2.62E-012, 
 70.80,  -2.01E-011, 
 70.90,  -1.66E-011, 
 71.00,   6.12E-012, 
 71.10,   2.62E-011, 
 71.20,  -2.97E-011, 
 71.30,  -5.51E-011, 
 71.40,  -4.64E-011, 
 71.50,  -4.81E-011, 
 71.60,  -5.51E-011, 
 71.70,  -6.12E-011, 
 71.80,  -4.90E-011, 
 71.90,   2.01E-011, 
 72.00,  -8.75E-013, 
 72.10,   4.37E-012, 
 72.20,   3.59E-011, 
 72.30,  -1.05E-011, 
 72.40,  -1.05E-011, 
 72.50,  -4.99E-011, 
 72.60,  -4.55E-011, 
 72.70,   2.01E-011, 
 72.80,   1.31E-011, 
 72.90,   5.25E-012, 
 73.00,  -4.29E-011, 
 73.10,  -6.65E-011, 
 73.20,  -2.27E-011, 
 73.30,  -7.00E-012, 
 73.40,  -4.37E-012, 
 73.50,  -4.20E-011, 
 73.60,  -4.46E-011, 
 73.70,  -4.37E-012, 
 73.80,   7.87E-012, 
 73.90,   1.92E-011, 
 74.00,   4.90E-011, 
 74.10,   3.32E-011, 
 74.20,  -4.20E-011, 
 74.30,  -4.11E-011, 
 74.40,  -4.55E-011, 
 74.50,  -5.69E-011, 
 74.60,  -3.94E-011, 
 74.70,  -8.75E-012, 
 74.80,  -2.01E-011, 
 74.90,  -2.10E-011, 
 75.00,  -5.60E-011, 
 75.10,  -4.20E-011, 
 75.20,  -5.42E-011, 
 75.30,  -8.75E-012, 
 75.40,   7.87E-011, 
 75.50,   7.35E-011, 
 75.60,   2.45E-011, 
 75.70,   2.54E-011, 
 75.80,   4.55E-011, 
 75.90,   6.65E-011, 
 76.00,   1.84E-011, 
 76.10,  -1.22E-011, 
 76.20,   1.57E-011, 
 76.30,   1.05E-011, 
 76.40,  -1.75E-012, 
 76.50,   2.27E-011, 
 76.60,   7.87E-012, 
 76.70,   1.14E-011, 
 76.80,  -5.25E-012, 
 76.90,   9.62E-012, 
 77.00,   2.45E-011, 
 77.10,   2.71E-011, 
 77.20,   2.10E-011, 
 77.30,   1.14E-011, 
 77.40,   1.57E-011, 
 77.50,   5.25E-012, 
 77.60,  -3.50E-012, 
 77.70,   1.75E-011, 
 77.80,   3.06E-011, 
 77.90,   1.29E-010, 
 78.00,   1.18E-010, 
 78.10,   1.66E-010, 
 78.20,   1.15E-010, 
 78.30,   6.12E-011, 
 78.40,   2.62E-012, 
 78.50,  -2.45E-011, 
 78.60,  -4.37E-012, 
 78.70,  -5.69E-011, 
 78.80,  -3.32E-011, 
 78.90,   2.62E-012, 
 79.00,   4.37E-012, 
 79.10,   3.06E-011, 
 79.20,  -2.19E-011, 
 79.30,  -2.62E-011, 
 79.40,  -3.76E-011, 
 79.50,   4.37E-012, 
 79.60,   1.66E-011, 
 79.70,  -3.32E-011, 
 79.80,  -1.22E-011, 
 79.90,   1.75E-011, 
 80.00,   2.54E-011, 
 80.10,   4.37E-012, 
 80.20,  -1.31E-011, 
 80.30,   1.75E-012, 
 80.40,   3.94E-011, 
 80.50,   1.92E-011, 
 80.60,   1.75E-012, 
 80.70,   2.19E-011, 
 80.80,   1.84E-011, 
 80.90,   2.19E-011, 
 81.00,  -1.84E-011, 
 81.10,  -3.85E-011, 
 81.20,  -2.89E-011, 
 81.30,  -2.36E-011, 
 81.40,  -1.40E-011, 
 81.50,  -1.05E-011, 
 81.60,  -1.49E-011, 
 81.70,  -1.40E-011, 
 81.80,  -6.12E-012, 
 81.90,  -9.62E-012, 
 82.00,  -2.27E-011, 
 82.10,  -1.66E-011, 
 82.20,  -1.01E-010, 
 82.30,  -9.62E-011, 
 82.40,  -7.52E-011, 
 82.50,  -1.15E-010, 
 82.60,  -8.49E-011, 
 82.70,  -5.51E-011, 
 82.80,   2.01E-011, 
 82.90,   3.85E-011, 
 83.00,   1.14E-011, 
 83.10,  -4.02E-011, 
 83.20,  -2.71E-011, 
 83.30,  -4.72E-011, 
 83.40,  -9.10E-011, 
 83.50,  -4.81E-011, 
 83.60,  -3.76E-011, 
 83.70,  -6.30E-011, 
 83.80,  -3.59E-011, 
 83.90,  -2.01E-011, 
 84.00,  -1.22E-011, 
 84.10,  -4.37E-012, 
 84.20,  -2.62E-012, 
 84.30,  -4.72E-011, 
 84.40,  -6.30E-011, 
 84.50,  -7.09E-011, 
 84.60,  -5.07E-011, 
 84.70,  -2.45E-011, 
 84.80,   2.62E-012, 
 84.90,  -3.85E-011, 
 85.00,  -1.49E-011, 
 85.10,   1.92E-011, 
 85.20,   3.15E-011, 
 85.30,   3.15E-011, 
 85.40,  -3.50E-012, 
 85.50,  -2.54E-011, 
 85.60,  -3.94E-011, 
 85.70,  -2.89E-011, 
 85.80,  -5.60E-011, 
 85.90,  -6.39E-011, 
 86.00,  -5.77E-011, 
 86.10,  -3.06E-011, 
 86.20,   1.40E-011, 
 86.30,   7.09E-011, 
 86.40,   4.72E-011, 
 86.50,   8.75E-012, 
 86.60,  -4.37E-012, 
 86.70,  -1.49E-011, 
 86.80,  -1.49E-011, 
 86.90,  -4.64E-011, 
 87.00,  -5.77E-011, 
 87.10,   3.06E-011, 
 87.20,   7.00E-012, 
 87.30,   8.75E-012, 
 87.40,  -8.75E-013, 
 87.50,  -3.76E-011, 
 87.60,  -2.45E-011, 
 87.70,   8.75E-013, 
 87.80,  -2.62E-012, 
 87.90,  -2.01E-011, 
 88.00,  -3.85E-011, 
 88.10,  -6.12E-012, 
 88.20,  -2.97E-011, 
 88.30,  -1.84E-011, 
 88.40,  -1.92E-011, 
 88.50,   2.71E-011, 
 88.60,  -3.67E-011, 
 88.70,  -2.97E-011, 
 88.80,  -3.76E-011, 
 88.90,  -2.71E-011, 
 89.00,  -2.80E-011, 
 89.10,  -2.62E-012, 
 89.20,  -2.10E-011, 
 89.30,  -2.54E-011, 
 89.40,  -6.12E-012, 
 89.50,  -7.52E-011, 
 89.60,  -5.42E-011, 
 89.70,  -3.50E-011, 
 89.80,  -4.90E-011, 
 89.90,  -2.10E-011, 
 90.00,  -2.89E-011, 
 90.10,  -1.40E-011, 
 90.20,  -8.49E-011, 
 90.30,  -7.00E-011, 
 90.40,  -5.51E-011, 
 90.50,  -1.92E-011, 
 90.60,  -3.76E-011, 
 90.70,  -3.76E-011, 
 90.80,  -1.14E-011, 
 90.90,   6.12E-012, 
 91.00,   2.45E-011, 
 91.10,   3.76E-011, 
 91.20,   3.85E-011, 
 91.30,   1.66E-011, 
 91.40,   2.62E-012, 
 91.50,   3.32E-011, 
 91.60,   5.25E-012, 
 91.70,  -2.01E-011, 
 91.80,  -6.47E-011, 
 91.90,  -6.04E-011, 
 92.00,  -6.47E-011, 
 92.10,  -2.62E-011, 
 92.20,  -5.86E-011, 
 92.30,  -4.20E-011, 
 92.40,  -1.14E-011, 
 92.50,  -5.25E-011, 
 92.60,  -4.81E-011, 
 92.70,  -7.87E-012, 
 92.80,   7.00E-012, 
 92.90,   2.54E-011, 
 93.00,  -3.67E-011, 
 93.10,  -7.87E-011, 
 93.20,  -7.52E-011, 
 93.30,  -7.96E-011, 
 93.40,  -3.94E-011, 
 93.50,  -2.54E-011, 
 93.60,   6.12E-012, 
 93.70,   7.00E-012, 
 93.80,  -8.75E-013, 
 93.90,  -8.75E-013, 
 94.00,  -1.31E-011, 
 94.10,  -3.41E-011, 
 94.20,  -4.20E-011, 
 94.30,  -7.87E-012, 
 94.40,   1.05E-011, 
 94.50,   2.01E-011, 
 94.60,  -1.22E-011, 
 94.70,  -1.22E-011, 
 94.80,  -1.31E-011, 
 94.90,  -4.46E-011, 
 95.00,  -4.46E-011, 
 95.10,   2.10E-011, 
 95.20,  -8.75E-012, 
 95.30,  -7.00E-012, 
 95.40,  -3.50E-011, 
 95.50,  -1.05E-011, 
 95.60,   1.75E-012, 
 95.70,  -5.25E-012, 
 95.80,  -4.29E-011, 
 95.90,   2.62E-012, 
 96.00,  -2.80E-011, 
 96.10,  -6.21E-011, 
 96.20,  -6.30E-011, 
 96.30,  -1.31E-011, 
 96.40,  -5.60E-011, 
 96.50,  -6.04E-011, 
 96.60,  -8.75E-012, 
 96.70,   5.25E-012, 
 96.80,   3.50E-012, 
 96.90,   2.97E-011, 
 97.00,   3.76E-011, 
 97.10,   6.47E-011, 
 97.20,   1.05E-011, 
 97.30,  -7.35E-011, 
 97.40,  -1.15E-010, 
 97.50,  -5.86E-011, 
 97.60,  -2.97E-011, 
 97.70,  -4.55E-011, 
 97.80,  -7.26E-011, 
 97.90,  -8.05E-011, 
 98.00,  -9.62E-011, 
 98.10,  -1.30E-010, 
 98.20,  -9.54E-011, 
 98.30,  -2.62E-011, 
 98.40,  -3.15E-011, 
 98.50,  -7.87E-012, 
 98.60,  -8.75E-012, 
 98.70,  -1.66E-011, 
 98.80,  -3.32E-011, 
 98.90,  -3.94E-011, 
 99.00,  -3.59E-011, 
 99.10,  -8.75E-012, 
 99.20,  -5.60E-011, 
 99.30,  -3.76E-011, 
 99.40,  -5.77E-011, 
 99.50,  -6.65E-011, 
 99.60,  -6.04E-011, 
 99.70,  -8.31E-011, 
 99.80,  -5.42E-011, 
 99.90,  -4.37E-011, 
 100.00,  -4.29E-011, 
 100.10,  -2.01E-011, 
 100.20,  -7.00E-012, 
 100.30,  -2.97E-011, 
 100.40,  -1.31E-011, 
 100.50,  -3.24E-011, 
 100.60,   1.49E-011, 
 100.70,   9.62E-012, 
 100.80,  -3.50E-012, 
 100.90,  -6.12E-012, 
 101.00,  -7.26E-011, 
 101.10,  -8.49E-011, 
 101.20,  -4.02E-011, 
 101.30,  -3.85E-011, 
 101.40,  -4.29E-011, 
 101.50,  -5.69E-011, 
 101.60,  -6.82E-011, 
 101.70,  -4.02E-011, 
 101.80,  -5.25E-011, 
 101.90,  -5.77E-011, 
 102.00,  -3.76E-011, 
 102.10,  -7.09E-011, 
 102.20,  -5.60E-011, 
 102.30,  -4.37E-012, 
 102.40,  -2.19E-011, 
 102.50,  -3.76E-011, 
 102.60,  -4.29E-011, 
 102.70,  -8.92E-011, 
 102.80,  -5.51E-011, 
 102.90,  -4.64E-011, 
 103.00,  -3.59E-011, 
 103.10,  -3.94E-011, 
 103.20,  -2.19E-011, 
 103.30,  -5.07E-011, 
 103.40,  -5.25E-011, 
 103.50,  -6.82E-011, 
 103.60,  -5.16E-011, 
 103.70,  -1.22E-011, 
 103.80,  -9.62E-012, 
 103.90,  -3.50E-011, 
 104.00,  -4.72E-011, 
 104.10,  -4.02E-011, 
 104.20,   8.75E-012, 
 104.30,   3.41E-011, 
 104.40,  -1.31E-011, 
 104.50,  -2.10E-011, 
 104.60,  -2.27E-011, 
 104.70,  -2.62E-012, 
 104.80,  -6.12E-012, 
 104.90,   9.62E-012, 
 105.00,  -1.22E-011, 
 105.10,  -2.80E-011, 
 105.20,  -2.10E-011, 
 105.30,  -4.55E-011, 
 105.40,   8.75E-012, 
 105.50,   6.47E-011, 
 105.60,   5.42E-011, 
 105.70,   4.02E-011, 
 105.80,   3.94E-011, 
 105.90,   2.89E-011, 
 106.00,   5.07E-011, 
 106.10,   4.29E-011, 
 106.20,   3.94E-011, 
 106.30,  -1.14E-011, 
 106.40,  -2.62E-012, 
 106.50,   2.36E-011, 
 106.60,  -2.62E-012, 
 106.70,   1.66E-011, 
 106.80,   6.12E-011, 
 106.90,   3.67E-011, 
 107.00,  -1.92E-011, 
 107.10,  -1.57E-011, 
 107.20,  -4.37E-012, 
 107.30,  -1.84E-011, 
 107.40,  -5.77E-011, 
 107.50,  -3.41E-011, 
 107.60,  -2.10E-011, 
 107.70,   2.19E-011, 
 107.80,  -3.67E-011, 
 107.90,  -4.46E-011, 
 108.00,  -7.35E-011, 
 108.10,  -6.56E-011, 
 108.20,  -4.99E-011, 
 108.30,  -4.81E-011, 
 108.40,  -1.40E-011, 
 108.50,   2.62E-012, 
 108.60,   2.97E-011, 
 108.70,  -1.75E-011, 
 108.80,  -1.40E-011, 
 108.90,  -3.50E-012, 
 109.00,  -2.89E-011, 
 109.10,  -1.57E-011, 
 109.20,  -3.67E-011, 
 109.30,   1.31E-011, 
 109.40,  -2.01E-011, 
 109.50,  -5.77E-011, 
 109.60,  -3.06E-011, 
 109.70,  -2.10E-011, 
 109.80,  -4.55E-011, 
 109.90,  -3.67E-011, 
 110.00,  -3.15E-011, 
 110.10,  -5.69E-011, 
 110.20,  -6.82E-011, 
 110.30,   2.62E-012, 
 110.40,  -2.62E-012, 
 110.50,   1.49E-011, 
 110.60,  -6.12E-012, 
 110.70,   2.27E-011, 
 110.80,  -1.75E-012, 
 110.90,  -4.64E-011, 
 111.00,  -4.29E-011, 
 111.10,  -2.45E-011, 
 111.20,  -2.80E-011, 
 111.30,  -4.72E-011, 
 111.40,  -2.36E-011, 
 111.50,  -2.27E-011, 
 111.60,  -2.89E-011, 
 111.70,  -3.32E-011, 
 111.80,  -3.59E-011, 
 111.90,  -5.86E-011, 
 112.00,  -4.11E-011, 
 112.10,  -4.37E-011, 
 112.20,  -5.77E-011, 
 112.30,  -4.02E-011, 
 112.40,  -2.71E-011, 
 112.50,   5.25E-012, 
 112.60,   2.62E-011, 
 112.70,  -1.31E-011, 
 112.80,  -2.62E-011, 
 112.90,  -3.59E-011, 
 113.00,  -2.97E-011, 
 113.10,  -3.76E-011, 
 113.20,  -2.27E-011, 
 113.30,   1.57E-011, 
 113.40,  -4.81E-011, 
 113.50,  -5.25E-012, 
 113.60,  -2.27E-011, 
 113.70,  -6.04E-011, 
 113.80,  -1.14E-011, 
 113.90,  -2.54E-011, 
 114.00,  -4.81E-011, 
 114.10,  -4.20E-011, 
 114.20,  -4.90E-011, 
 114.30,  -5.95E-011, 
 114.40,  -6.21E-011, 
 114.50,  -2.62E-011, 
 114.60,   1.14E-011, 
 114.70,   1.84E-011, 
 114.80,  -2.62E-012, 
 114.90,  -3.67E-011, 
 115.00,  -5.25E-011, 
 115.10,  -2.80E-011, 
 115.20,  -2.97E-011, 
 115.30,  -1.84E-011, 
 115.40,  -4.20E-011, 
 115.50,  -4.64E-011, 
 115.60,  -5.69E-011, 
 115.70,  -5.51E-011, 
 115.80,  -4.20E-011, 
 115.90,  -2.89E-011, 
 116.00,   3.15E-011, 
 116.10,   1.92E-011, 
 116.20,   1.49E-011, 
 116.30,  -1.05E-011, 
 116.40,   1.40E-011, 
 116.50,   1.14E-011, 
 116.60,  -7.87E-012, 
 116.70,  -2.10E-011, 
 116.80,  -2.89E-011, 
 116.90,  -6.04E-011, 
 117.00,  -2.01E-011, 
 117.10,  -1.31E-011, 
 117.20,  -2.97E-011, 
 117.30,  -8.75E-012, 
 117.40,  -1.31E-011, 
 117.50,  -8.75E-012, 
 117.60,   8.75E-012, 
 117.70,   1.40E-011, 
 117.80,  -1.57E-011, 
 117.90,  -6.91E-011, 
 118.00,  -6.91E-011, 
 118.10,  -6.56E-011, 
 118.20,  -7.00E-011, 
 118.30,  -8.49E-011, 
 118.40,  -5.34E-011, 
 118.50,  -8.92E-011, 
 118.60,  -8.14E-011, 
 118.70,  -6.82E-011, 
 118.80,  -1.01E-010, 
 118.90,  -8.57E-011, 
 119.00,  -6.12E-011, 
 119.10,  -2.71E-011, 
 119.20,   8.75E-013, 
 119.30,   2.54E-011, 
 119.40,  -5.07E-011, 
 119.50,  -8.75E-013, 
 119.60,  -1.40E-011, 
 119.70,  -1.05E-011, 
 119.80,  -5.25E-012, 
 119.90,   1.66E-011, 
 120.00,   1.14E-011, 
 120.10,   2.10E-011, 
 120.20,   3.67E-011, 
 120.30,   3.41E-011, 
 120.40,   1.40E-011, 
 120.50,  -1.22E-011, 
 120.60,  -5.16E-011, 
 120.70,  -6.56E-011, 
 120.80,  -8.14E-011, 
 120.90,  -4.81E-011, 
 121.00,  -6.56E-011, 
 121.10,  -4.02E-011, 
 121.20,  -5.51E-011, 
 121.30,  -8.84E-011, 
 121.40,  -5.25E-012, 
 121.50,   4.64E-011, 
 121.60,   7.52E-011, 
 121.70,   4.90E-011, 
 121.80,   4.02E-011, 
 121.90,   2.97E-011, 
 122.00,   3.94E-011, 
 122.10,   7.00E-012, 
 122.20,   3.50E-011, 
 122.30,   3.15E-011, 
 122.40,  -1.75E-012, 
 122.50,   6.12E-012, 
 122.60,  -3.41E-011, 
 122.70,  -3.67E-011, 
 122.80,  -5.42E-011, 
 122.90,  -3.67E-011, 
 123.00,  -1.40E-011, 
 123.10,   5.25E-012, 
 123.20,   1.57E-011, 
 123.30,   4.81E-011, 
 123.40,   4.81E-011, 
 123.50,   5.07E-011, 
 123.60,   7.79E-011, 
 123.70,   4.81E-011, 
 123.80,   1.03E-010, 
 123.90,   1.29E-010, 
 124.00,   5.42E-011, 
 124.10,   2.27E-011, 
 124.20,   4.64E-011, 
 124.30,   4.37E-011, 
 124.40,   6.82E-011, 
 124.50,   3.50E-011, 
 124.60,  -7.00E-012, 
 124.70,   2.27E-011, 
 124.80,   4.90E-011, 
 124.90,   1.92E-011, 
 125.00,   4.99E-011, 
 125.10,   8.49E-011, 
 125.20,   3.67E-011, 
 125.30,   7.61E-011, 
 125.40,   4.46E-011, 
 125.50,   5.95E-011, 
 125.60,   3.50E-011, 
 125.70,  -6.12E-012, 
 125.80,  -3.85E-011, 
 125.90,   1.84E-011, 
 126.00,   4.02E-011, 
 126.10,   4.20E-011, 
 126.20,   6.12E-012, 
 126.30,   3.41E-011, 
 126.40,   6.82E-011, 
 126.50,   3.41E-011, 
 126.60,   6.12E-011, 
 126.70,   1.11E-010, 
 126.80,   6.39E-011, 
 126.90,   3.85E-011, 
 127.00,   3.41E-011, 
 127.10,   9.62E-012, 
 127.20,  -4.37E-012, 
 127.30,   1.57E-011, 
 127.40,  -2.19E-011, 
 127.50,  -7.87E-012, 
 127.60,  -1.40E-011, 
 127.70,   1.05E-011, 
 127.80,  -1.75E-012, 
 127.90,  -7.87E-012, 
 128.00,   4.81E-011, 
 128.10,   3.76E-011, 
 128.20,   7.00E-012, 
 128.30,   5.42E-011, 
 128.40,   4.64E-011, 
 128.50,   2.80E-011, 
 128.60,   4.55E-011, 
 128.70,   4.46E-011, 
 128.80,   5.69E-011, 
 128.90,   6.91E-011, 
 129.00,   4.29E-011, 
 129.10,   3.50E-012, 
 129.20,   9.27E-011, 
 129.30,   5.95E-011, 
 129.40,  -8.75E-013, 
 129.50,   1.22E-011, 
 129.60,   3.50E-012, 
 129.70,  -1.22E-011, 
 129.80,  -1.66E-011, 
 129.90,  -2.54E-011, 
 130.00,  -5.86E-011, 
 130.10,  -7.26E-011, 
 130.20,  -1.75E-011, 
 130.30,   1.14E-011, 
 130.40,  -7.87E-012, 
 130.50,   3.67E-011, 
 130.60,   9.01E-011, 
 130.70,   9.97E-011, 
 130.80,   4.64E-011, 
 130.90,   2.27E-011, 
 131.00,   3.67E-011, 
 131.10,   4.72E-011, 
 131.20,   5.77E-011, 
 131.30,   9.27E-011, 
 131.40,   6.12E-011, 
 131.50,   7.09E-011, 
 131.60,   7.09E-011, 
 131.70,   5.77E-011, 
 131.80,   4.64E-011, 
 131.90,   1.57E-011, 
 132.00,   3.94E-011, 
 132.10,   5.34E-011, 
 132.20,   8.75E-012, 
 132.30,  -1.84E-011, 
 132.40,   1.31E-011, 
 132.50,   2.01E-011, 
 132.60,   6.47E-011, 
 132.70,   4.11E-011, 
 132.80,  -9.62E-012, 
 132.90,  -8.75E-013, 
 133.00,  -1.75E-011, 
 133.10,   3.50E-012, 
 133.20,   4.37E-012, 
 133.30,  -3.85E-011, 
 133.40,  -3.59E-011, 
 133.50,  -5.77E-011, 
 133.60,  -1.66E-011, 
 133.70,  -2.54E-011, 
 133.80,  -3.06E-011, 
 133.90,  -3.94E-011, 
 134.00,   7.87E-012, 
 134.10,  -1.05E-011, 
 134.20,   2.89E-011, 
 134.30,   2.71E-011, 
 134.40,   1.31E-011, 
 134.50,   8.75E-013, 
 134.60,  -4.37E-012, 
 134.70,  -2.45E-011, 
 134.80,  -2.89E-011, 
 134.90,  -9.62E-012, 
 135.00,   3.15E-011, 
 135.10,   2.10E-011, 
 135.20,  -2.97E-011, 
 135.30,   6.12E-012, 
 135.40,   3.94E-011, 
 135.50,   5.34E-011, 
 135.60,   6.21E-011, 
 135.70,   7.17E-011, 
 135.80,   6.12E-011, 
 135.90,  -2.54E-011, 
 136.00,  -3.85E-011, 
 136.10,  -1.66E-011, 
 136.20,  -3.59E-011, 
 136.30,   3.15E-011, 
 136.40,   2.97E-011, 
 136.50,   1.92E-011, 
 136.60,  -3.24E-011, 
 136.70,  -5.25E-012, 
 136.80,  -1.05E-011, 
 136.90,   1.75E-011, 
 137.00,   0.00E+000, 
 137.10,  -7.00E-012, 
 137.20,  -8.75E-012, 
 137.30,  -1.75E-012, 
 137.40,   1.40E-011, 
 137.50,  -6.12E-012, 
 137.60,   1.75E-011, 
 137.70,   2.80E-011, 
 137.80,   4.90E-011, 
 137.90,   7.09E-011, 
 138.00,   5.60E-011, 
 138.10,  -4.37E-012, 
 138.20,  -3.67E-011, 
 138.30,  -1.66E-011, 
 138.40,  -2.36E-011, 
 138.50,   1.66E-011, 
 138.60,  -2.62E-012, 
 138.70,   1.49E-011, 
 138.80,   1.84E-011, 
 138.90,  -1.40E-011, 
 139.00,   4.99E-011, 
 139.10,   1.57E-011, 
 139.20,   6.12E-012, 
 139.30,  -2.10E-011, 
 139.40,  -1.84E-011, 
 139.50,  -1.57E-011, 
 139.60,  -1.40E-011, 
 139.70,   1.49E-011, 
 139.80,  -3.50E-012, 
 139.90,   2.62E-011, 
 140.00,   7.87E-012, 
 140.10,  -1.14E-011, 
 140.20,   3.41E-011, 
 140.30,   7.52E-011, 
 140.40,   3.50E-011, 
 140.50,   4.81E-011, 
 140.60,   5.77E-011, 
 140.70,   3.06E-011, 
 140.80,   1.92E-011, 
 140.90,  -1.57E-011, 
 141.00,  -1.05E-011, 
 141.10,   1.31E-011, 
 141.20,  -4.02E-011, 
 141.30,   1.92E-011, 
 141.40,  -7.00E-012, 
 141.50,   2.62E-012, 
 141.60,   2.10E-011, 
 141.70,   1.05E-011, 
 141.80,  -8.75E-012, 
 141.90,  -3.32E-011, 
 142.00,  -3.15E-011, 
 142.10,  -2.27E-011, 
 142.20,   7.87E-012, 
 142.30,   1.84E-011, 
 142.40,  -1.66E-011, 
 142.50,  -1.22E-011, 
 142.60,  -7.00E-012, 
 142.70,   4.46E-011, 
 142.80,   4.90E-011, 
 142.90,   1.31E-011, 
 143.00,   1.75E-012, 
 143.10,   1.05E-011, 
 143.20,   4.37E-012, 
 143.30,   5.07E-011, 
 143.40,   6.65E-011, 
 143.50,   9.89E-011, 
 143.60,   8.31E-011, 
 143.70,   8.14E-011, 
 143.80,   8.05E-011, 
 143.90,   0.00E+000, 
 144.00,   0.00E+000, 
 144.10,   0.00E+000, 
 144.20,   0.00E+000, 
 144.30,   0.00E+000, 
 144.40,   0.00E+000, 
 144.50,   0.00E+000, 
 144.60,   0.00E+000, 
 144.70,   0.00E+000, 
 144.80,   0.00E+000, 
 144.90,   0.00E+000, 
 145.00,   0.00E+000, 
 145.10,   0.00E+000, 
 145.20,   0.00E+000, 
 145.30,   0.00E+000, 
 145.40,   0.00E+000, 
 145.50,   0.00E+000, 
 145.60,   0.00E+000, 
 145.70,   0.00E+000, 
 145.80,   0.00E+000, 
 145.90,   0.00E+000, 
 146.00,   0.00E+000, 
 146.10,   0.00E+000, 
 146.20,   0.00E+000, 
 146.30,   0.00E+000, 
 146.40,   0.00E+000, 
 146.50,   0.00E+000, 
 146.60,   0.00E+000, 
 146.70,   0.00E+000, 
 146.80,   0.00E+000, 
 146.90,   0.00E+000, 
 147.00,   0.00E+000, 
 147.10,   0.00E+000, 
 147.20,   0.00E+000, 
 147.30,   0.00E+000, 
 147.40,   0.00E+000, 
 147.50,   0.00E+000, 
 147.60,   0.00E+000, 
 147.70,   0.00E+000, 
 147.80,   0.00E+000, 
 147.90,   0.00E+000, 
 148.00,   0.00E+000, 
 148.10,   0.00E+000, 
 148.20,   0.00E+000, 
 148.30,   0.00E+000, 
 148.40,   0.00E+000, 
 148.50,   0.00E+000, 
 148.60,   0.00E+000, 
 148.70,   0.00E+000, 
 148.80,   0.00E+000, 
 148.90,   0.00E+000, 
 149.00,   0.00E+000, 
 149.10,   0.00E+000, 
 149.20,   0.00E+000, 
 149.30,   0.00E+000, 
 149.40,   0.00E+000, 
 149.50,   0.00E+000, 
 149.60,   0.00E+000, 
 149.70,   0.00E+000, 
 149.80,   0.00E+000, 
 149.90,   0.00E+000, 
 150.00,   0.00E+000, 
 150.10,   0.00E+000, 
 150.20,   0.00E+000, 
 150.30,   0.00E+000, 
 150.40,   0.00E+000, 
 150.50,   0.00E+000, 
 150.60,   0.00E+000, 
 150.70,   0.00E+000, 
 150.80,   0.00E+000, 
 150.90,   0.00E+000, 
 151.00,   0.00E+000, 
 151.10,   0.00E+000, 
 151.20,   0.00E+000, 
 151.30,   0.00E+000, 
 151.40,   0.00E+000, 
 151.50,   0.00E+000, 
 151.60,   0.00E+000, 
 151.70,   0.00E+000, 
 151.80,   0.00E+000, 
 151.90,   0.00E+000, 
 152.00,   0.00E+000, 
 152.10,   0.00E+000, 
 152.20,   0.00E+000, 
 152.30,   0.00E+000, 
 152.40,   0.00E+000, 
 152.50,   0.00E+000, 
 152.60,   0.00E+000, 
 152.70,   0.00E+000, 
 152.80,   0.00E+000, 
 152.90,   0.00E+000, 
 153.00,   0.00E+000, 
 153.10,   0.00E+000, 
 153.20,   0.00E+000, 
 153.30,   0.00E+000, 
 153.40,   0.00E+000, 
 153.50,   0.00E+000, 
 153.60,   0.00E+000, 
 153.70,   0.00E+000, 
 153.80,   0.00E+000, 
 153.90,   0.00E+000, 
 154.00,   0.00E+000, 
 154.10,   0.00E+000, 
 154.20,   0.00E+000, 
 154.30,   0.00E+000, 
 154.40,   0.00E+000, 
 154.50,   0.00E+000, 
 154.60,   0.00E+000, 
 154.70,   0.00E+000, 
 154.80,   0.00E+000, 
 154.90,   0.00E+000, 
 155.00,   0.00E+000, 
 155.10,   0.00E+000, 
 155.20,   0.00E+000, 
 155.30,   0.00E+000, 
 155.40,   0.00E+000, 
 155.50,   0.00E+000, 
 155.60,   0.00E+000, 
 155.70,   0.00E+000, 
 155.80,   0.00E+000, 
 155.90,   0.00E+000, 
 156.00,   0.00E+000, 
 156.10,   0.00E+000, 
 156.20,   0.00E+000, 
 156.30,   0.00E+000, 
 156.40,   0.00E+000, 
 156.50,   0.00E+000, 
 156.60,   0.00E+000, 
 156.70,   0.00E+000, 
 156.80,   0.00E+000, 
 156.90,   0.00E+000, 
 157.00,   0.00E+000, 
 157.10,   0.00E+000, 
 157.20,   0.00E+000, 
 157.30,   0.00E+000, 
 157.40,   0.00E+000, 
 157.50,   0.00E+000, 
 157.60,   0.00E+000, 
 157.70,   0.00E+000, 
 157.80,   0.00E+000, 
 157.90,   0.00E+000, 
 158.00,   0.00E+000, 
 158.10,   0.00E+000, 
 158.20,   0.00E+000, 
 158.30,   0.00E+000, 
 158.40,   0.00E+000, 
 158.50,   0.00E+000, 
 158.60,   0.00E+000, 
 158.70,   0.00E+000, 
 158.80,   0.00E+000, 
 158.90,   0.00E+000, 
 159.00,   0.00E+000, 
 159.10,   0.00E+000, 
 159.20,   0.00E+000, 
 159.30,   0.00E+000, 
 159.40,   0.00E+000, 
 159.50,   0.00E+000, 
 159.60,   0.00E+000, 
 159.70,   0.00E+000, 
 159.80,   0.00E+000, 
 159.90,   0.00E+000, 
 160.00,   0.00E+000, 
 160.10,   0.00E+000, 
 160.20,   0.00E+000, 
 160.30,   0.00E+000, 
 160.40,   0.00E+000, 
 160.50,   0.00E+000, 
 160.60,   0.00E+000, 
 160.70,   0.00E+000, 
 160.80,   0.00E+000, 
 160.90,   0.00E+000, 
 161.00,   0.00E+000, 
 161.10,   0.00E+000, 
 161.20,   0.00E+000, 
 161.30,   0.00E+000, 
 161.40,   0.00E+000, 
 161.50,   0.00E+000, 
 161.60,   0.00E+000, 
 161.70,   0.00E+000, 
 161.80,   0.00E+000, 
 161.90,   0.00E+000, 
 162.00,   0.00E+000, 
 162.10,   0.00E+000, 
 162.20,   0.00E+000, 
 162.30,   0.00E+000, 
 162.40,   0.00E+000, 
 162.50,   0.00E+000, 
 162.60,   0.00E+000, 
 162.70,   0.00E+000, 
 162.80,   0.00E+000, 
 162.90,   0.00E+000, 
 163.00,   0.00E+000, 
 163.10,   0.00E+000, 
 163.20,   0.00E+000, 
 163.30,   0.00E+000, 
 163.40,   0.00E+000, 
 163.50,   0.00E+000, 
 163.60,   0.00E+000, 
 163.70,   0.00E+000, 
 163.80,   0.00E+000, 
 163.90,   0.00E+000, 
 164.00,   0.00E+000, 
 164.10,   0.00E+000, 
 164.20,   0.00E+000, 
 164.30,   0.00E+000, 
 164.40,   0.00E+000, 
 164.50,   0.00E+000, 
 164.60,   0.00E+000, 
 164.70,   0.00E+000, 
 164.80,   0.00E+000, 
 164.90,   0.00E+000, 
 165.00,   0.00E+000, 
 165.10,   0.00E+000, 
 165.20,   0.00E+000, 
 165.30,   0.00E+000, 
 165.40,   0.00E+000, 
 165.50,   0.00E+000, 
 165.60,   0.00E+000, 
 165.70,   0.00E+000, 
 165.80,   0.00E+000, 
 165.90,   0.00E+000, 
 166.00,   0.00E+000, 
 166.10,   0.00E+000, 
 166.20,   0.00E+000, 
 166.30,   0.00E+000, 
 166.40,   0.00E+000, 
 166.50,   0.00E+000, 
 166.60,   0.00E+000, 
 166.70,   0.00E+000, 
 166.80,   0.00E+000, 
 166.90,   0.00E+000, 
 167.00,   0.00E+000, 
 167.10,   0.00E+000, 
 167.20,   0.00E+000, 
 167.30,   0.00E+000, 
 167.40,   0.00E+000, 
 167.50,   0.00E+000, 
 167.60,   0.00E+000, 
 167.70,   0.00E+000, 
 167.80,   0.00E+000, 
 167.90,   0.00E+000, 
 168.00,   0.00E+000, 
 168.10,   0.00E+000, 
 168.20,   0.00E+000, 
 168.30,   0.00E+000, 
 168.40,   0.00E+000, 
 168.50,   0.00E+000, 
 168.60,   0.00E+000, 
 168.70,   0.00E+000, 
 168.80,   0.00E+000, 
 168.90,   0.00E+000, 
 169.00,   0.00E+000, 
 169.10,   0.00E+000, 
 169.20,   0.00E+000, 
 169.30,   0.00E+000, 
 169.40,   0.00E+000, 
 169.50,   0.00E+000, 
 169.60,   0.00E+000, 
 169.70,   0.00E+000, 
 169.80,   0.00E+000, 
 169.90,   0.00E+000, 
 170.00,   0.00E+000, 
 170.10,   0.00E+000, 
 170.20,   0.00E+000, 
 170.30,   0.00E+000, 
 170.40,   0.00E+000, 
 170.50,   0.00E+000, 
 170.60,   0.00E+000, 
 170.70,   0.00E+000, 
 170.80,   0.00E+000, 
 170.90,   0.00E+000, 
 171.00,   0.00E+000, 
 171.10,   0.00E+000, 
 171.20,   0.00E+000, 
 171.30,   0.00E+000, 
 171.40,   0.00E+000, 
 171.50,   0.00E+000, 
 171.60,   0.00E+000, 
 171.70,   0.00E+000, 
 171.80,   0.00E+000, 
 171.90,   0.00E+000, 
 172.00,   0.00E+000, 
 172.10,   0.00E+000, 
 172.20,   0.00E+000, 
 172.30,   0.00E+000, 
 172.40,   0.00E+000, 
 172.50,   0.00E+000, 
 172.60,   0.00E+000, 
 172.70,   0.00E+000, 
 172.80,   0.00E+000, 
 172.90,   0.00E+000, 
 173.00,   0.00E+000, 
 173.10,   0.00E+000, 
 173.20,   0.00E+000, 
 173.30,   0.00E+000, 
 173.40,   0.00E+000, 
 173.50,   0.00E+000, 
 173.60,   0.00E+000, 
 173.70,   0.00E+000, 
 173.80,   0.00E+000, 
 173.90,   0.00E+000, 
 174.00,   0.00E+000, 
 174.10,   0.00E+000, 
 174.20,   0.00E+000, 
 174.30,   0.00E+000, 
 174.40,   0.00E+000, 
 174.50,   0.00E+000, 
 174.60,   0.00E+000, 
 174.70,   0.00E+000, 
 174.80,   0.00E+000, 
 174.90,   0.00E+000, 
 175.00,   0.00E+000, 
 175.10,   0.00E+000, 
 175.20,   0.00E+000, 
 175.30,   0.00E+000, 
 175.40,   0.00E+000, 
 175.50,   0.00E+000, 
 175.60,   0.00E+000, 
 175.70,   0.00E+000, 
 175.80,   0.00E+000, 
 175.90,   0.00E+000, 
 176.00,   0.00E+000, 
 176.10,   0.00E+000, 
 176.20,   0.00E+000, 
 176.30,   0.00E+000, 
 176.40,   0.00E+000, 
 176.50,   0.00E+000, 
 176.60,   0.00E+000, 
 176.70,   0.00E+000, 
 176.80,   0.00E+000, 
 176.90,   0.00E+000, 
 177.00,   0.00E+000, 
 177.10,   0.00E+000, 
 177.20,   0.00E+000, 
 177.30,   0.00E+000, 
 177.40,   0.00E+000, 
 177.50,   0.00E+000, 
 177.60,   0.00E+000, 
 177.70,   0.00E+000, 
 177.80,   0.00E+000, 
 177.90,   0.00E+000, 
 178.00,   0.00E+000, 
 178.10,   0.00E+000, 
 178.20,   0.00E+000, 
 178.30,   0.00E+000, 
 178.40,   0.00E+000, 
 178.50,   0.00E+000, 
 178.60,   0.00E+000, 
 178.70,   0.00E+000, 
 178.80,   0.00E+000, 
 178.90,   0.00E+000, 
 179.00,   0.00E+000, 
 179.10,   0.00E+000, 
 179.20,   0.00E+000, 
 179.30,   0.00E+000, 
 179.40,   0.00E+000, 
 179.50,   0.00E+000, 
 179.60,   0.00E+000, 
 179.70,   0.00E+000, 
 179.80,   0.00E+000, 
 179.90,   0.00E+000, 
 180.00,   0.00E+000, 
 180.10,   0.00E+000, 
 180.20,   0.00E+000, 
 180.30,   0.00E+000, 
 180.40,   0.00E+000, 
 180.50,   0.00E+000, 
 180.60,   0.00E+000, 
 180.70,   0.00E+000, 
 180.80,   0.00E+000, 
 180.90,   0.00E+000, 
 181.00,   0.00E+000, 
 181.10,   0.00E+000, 
 181.20,   0.00E+000, 
 181.30,   0.00E+000, 
 181.40,   0.00E+000, 
 181.50,   0.00E+000, 
 181.60,   0.00E+000, 
 181.70,   0.00E+000, 
 181.80,   0.00E+000, 
 181.90,   0.00E+000, 
 182.00,   0.00E+000, 
 182.10,   0.00E+000, 
 182.20,   0.00E+000, 
 182.30,   0.00E+000, 
 182.40,   0.00E+000, 
 182.50,   0.00E+000, 
 182.60,   0.00E+000, 
 182.70,   0.00E+000, 
 182.80,   0.00E+000, 
 182.90,   0.00E+000, 
 183.00,   0.00E+000, 
 183.10,   0.00E+000, 
 183.20,   0.00E+000, 
 183.30,   0.00E+000, 
 183.40,   0.00E+000, 
 183.50,   0.00E+000, 
 183.60,   0.00E+000, 
 183.70,   0.00E+000, 
 183.80,   0.00E+000, 
 183.90,   0.00E+000, 
 184.00,   0.00E+000, 
 184.10,   0.00E+000, 
 184.20,   0.00E+000, 
 184.30,   0.00E+000, 
 184.40,   0.00E+000, 
 184.50,   0.00E+000, 
 184.60,   0.00E+000, 
 184.70,   0.00E+000, 
 184.80,   0.00E+000, 
 184.90,   0.00E+000, 
 185.00,   0.00E+000, 
 185.10,   0.00E+000, 
 185.20,   0.00E+000, 
 185.30,   0.00E+000, 
 185.40,   0.00E+000, 
 185.50,   0.00E+000, 
 185.60,   0.00E+000, 
 185.70,   0.00E+000, 
 185.80,   0.00E+000, 
 185.90,   0.00E+000, 
 186.00,   0.00E+000, 
 186.10,   0.00E+000, 
 186.20,   0.00E+000, 
 186.30,   0.00E+000, 
 186.40,   0.00E+000, 
 186.50,   0.00E+000, 
 186.60,   0.00E+000, 
 186.70,   0.00E+000, 
 186.80,   0.00E+000, 
 186.90,   0.00E+000, 
 187.00,   0.00E+000, 
 187.10,   0.00E+000, 
 187.20,   0.00E+000, 
 187.30,   0.00E+000, 
 187.40,   0.00E+000, 
 187.50,   0.00E+000, 
 187.60,   0.00E+000, 
 187.70,   0.00E+000, 
 187.80,   0.00E+000, 
 187.90,   0.00E+000, 
 188.00,   0.00E+000, 
 188.10,   0.00E+000, 
 188.20,   0.00E+000, 
 188.30,   0.00E+000, 
 188.40,   0.00E+000, 
 188.50,   0.00E+000, 
 188.60,   0.00E+000, 
 188.70,   0.00E+000, 
 188.80,   0.00E+000, 
 188.90,   0.00E+000, 
 189.00,   0.00E+000, 
 189.10,   0.00E+000, 
 189.20,   0.00E+000, 
 189.30,   0.00E+000, 
 189.40,   0.00E+000, 
 189.50,   0.00E+000, 
 189.60,   0.00E+000, 
 189.70,   0.00E+000, 
 189.80,   0.00E+000, 
 189.90,   0.00E+000, 
 190.00,   0.00E+000, 
 190.10,   0.00E+000, 
 190.20,   0.00E+000, 
 190.30,   0.00E+000, 
 190.40,   0.00E+000, 
 190.50,   0.00E+000, 
 190.60,   0.00E+000, 
 190.70,   0.00E+000, 
 190.80,   0.00E+000, 
 190.90,   0.00E+000, 
 191.00,   0.00E+000, 
 191.10,   0.00E+000, 
 191.20,   0.00E+000, 
 191.30,   0.00E+000, 
 191.40,   0.00E+000, 
 191.50,   0.00E+000, 
 191.60,   0.00E+000, 
 191.70,   0.00E+000, 
 191.80,   0.00E+000, 
 191.90,   0.00E+000, 
 192.00,   0.00E+000, 
 192.10,   0.00E+000, 
 192.20,   0.00E+000, 
 192.30,   0.00E+000, 
 192.40,   0.00E+000, 
 192.50,   0.00E+000, 
 192.60,   0.00E+000, 
 192.70,   0.00E+000, 
 192.80,   0.00E+000, 
 192.90,   0.00E+000, 
 193.00,   0.00E+000, 
 193.10,   0.00E+000, 
 193.20,   0.00E+000, 
 193.30,   0.00E+000, 
 193.40,   0.00E+000, 
 193.50,   0.00E+000, 
 193.60,   0.00E+000, 
 193.70,   0.00E+000, 
 193.80,   0.00E+000, 
 193.90,   0.00E+000, 
 194.00,   0.00E+000, 
 194.10,   0.00E+000, 
 194.20,   0.00E+000, 
 194.30,   0.00E+000, 
 194.40,   0.00E+000, 
 194.50,   0.00E+000, 
 194.60,   0.00E+000, 
 194.70,   0.00E+000, 
 194.80,   0.00E+000, 
 194.90,   0.00E+000, 
 195.00,   0.00E+000, 
 195.10,   0.00E+000, 
 195.20,   0.00E+000, 
 195.30,   0.00E+000, 
 195.40,   0.00E+000, 
 195.50,   0.00E+000, 
 195.60,   0.00E+000, 
 195.70,   0.00E+000, 
 195.80,   0.00E+000, 
 195.90,   0.00E+000, 
 196.00,   0.00E+000, 
 196.10,   0.00E+000, 
 196.20,   0.00E+000, 
 196.30,   0.00E+000, 
 196.40,   0.00E+000, 
 196.50,   0.00E+000, 
 196.60,   0.00E+000, 
 196.70,   0.00E+000, 
 196.80,   0.00E+000, 
 196.90,   0.00E+000, 
 197.00,   0.00E+000, 
 197.10,   0.00E+000, 
 197.20,   0.00E+000, 
 197.30,   0.00E+000, 
 197.40,   0.00E+000, 
 197.50,   0.00E+000, 
 197.60,   0.00E+000, 
 197.70,   0.00E+000, 
 197.80,   0.00E+000, 
 197.90,   0.00E+000, 
 198.00,   0.00E+000, 
 198.10,   0.00E+000, 
 198.20,   0.00E+000, 
 198.30,   0.00E+000, 
 198.40,   0.00E+000, 
 198.50,   0.00E+000, 
 198.60,   0.00E+000, 
 198.70,   0.00E+000, 
 198.80,   0.00E+000, 
 198.90,   0.00E+000, 
 199.00,   0.00E+000, 
 199.10,   0.00E+000, 
 199.20,   0.00E+000, 
 199.30,   0.00E+000, 
 199.40,   0.00E+000, 
 199.50,   0.00E+000, 
 199.60,   0.00E+000, 
 199.70,   0.00E+000, 
 199.80,   0.00E+000, 
 199.90,   0.00E+000, 
 200.00,   0.00E+000, 
